camera_transform:
  translation: 
    x: 0.05579714829659241
    y: -0.010487467206439043
    z: 0.0526188547000502
  rotation: 
    x: 0.00029336382959957826
    y: -0.004337961784465438
    z: 0.7013296538934839
    w: 0.7128238299852682
