camera_transform:
  translation: 
    x: 0.05729590133412822
    y: -0.009091016323146748
    z: 0.059959203351906146
  rotation: 
    x: 0.0008061305862278654
    y: -0.003999159257834117
    z: 0.7019130520597713
    w: 0.71225095593256
